tan-relu
train
0 0.80442137 0.010297522 0.8147189
1000 0.69993764 0.08175725 0.7816949
2000 0.666375 0.018367846 0.6847428
3000 0.55780065 0.05972456 0.6175252
4000 0.3730838 0.113004275 0.48608807
5000 0.34363738 0.11217241 0.45580977
6000 0.3185122 0.10787894 0.42639112
7000 0.29134616 0.100600556 0.39194673
8000 0.21478577 0.089344785 0.30413055
9000 0.07243054 0.08328564 0.15571618
10000 0.04093951 0.080517456 0.121456966
11000 0.02424506 0.077835344 0.102080405
12000 0.017223742 0.0781011 0.095324844
13000 0.012957962 0.06799248 0.08095044
14000 0.01238561 0.06699054 0.079376146
15000 0.0112368325 0.06379566 0.075032495
16000 0.011342915 0.0564704 0.067813314
17000 0.00848448 0.05285065 0.061335128
18000 0.009029279 0.05214063 0.06116991
19000 0.008436506 0.050009385 0.05844589
20000 0.0079241935 0.04833995 0.056264147
21000 0.007558211 0.044909865 0.052468076
22000 0.0068983133 0.047811944 0.054710258
23000 0.006790595 0.049118716 0.055909313
24000 0.0068992293 0.044311035 0.051210266
25000 0.005820044 0.043732446 0.04955249
26000 0.006100739 0.045282297 0.051383037
27000 0.0061546937 0.044727586 0.05088228
28000 0.015672054 0.04520078 0.060872834
29000 0.0053398674 0.041328207 0.046668075
30000 0.004724596 0.04302652 0.047751117
31000 0.0049774693 0.041548897 0.046526365
32000 0.0050628055 0.041983888 0.04704669
33000 0.0047363196 0.04047842 0.04521474
34000 0.23861961 0.085247576 0.3238672
35000 0.020186184 0.08779211 0.1079783
36000 0.012137533 0.06901103 0.081148565
37000 0.009511682 0.065268226 0.074779905
38000 0.008257768 0.06486062 0.07311839
39000 0.008003529 0.06592529 0.07392882
40000 0.0069451123 0.067326866 0.07427198
41000 0.005465996 0.06331267 0.06877867
42000 0.0046711806 0.059146263 0.06381744
43000 0.0047347336 0.059226196 0.06396093
44000 0.004818037 0.060640078 0.06545812
45000 0.004483415 0.057319816 0.06180323
46000 0.0048487755 0.06368496 0.06853374
47000 0.0043680067 0.05828155 0.062649556
48000 0.004600363 0.0617597 0.066360064
49000 0.0048793424 0.059158977 0.06403832
50000 0.0050820275 0.059300743 0.06438277
51000 0.004858696 0.0595575 0.0644162
52000 0.0045976974 0.05727562 0.061873317
53000 0.004560842 0.060021646 0.06458249
54000 0.004735676 0.0575477 0.062283374
55000 0.0046629934 0.05761813 0.062281124
56000 0.004829706 0.05953397 0.06436367
57000 0.0047435923 0.05749419 0.06223778
58000 0.005005886 0.05784263 0.062848516
59000 0.005404214 0.05422349 0.059627704
60000 0.00538617 0.060292315 0.065678485
61000 0.005276101 0.059399664 0.06467576
62000 0.005445865 0.052999552 0.058445416
63000 0.0052871327 0.054686423 0.059973557
64000 0.0051050303 0.053077195 0.058182225
65000 0.004762886 0.054947905 0.059710793
66000 0.005493673 0.058664568 0.06415824
67000 0.005239975 0.05531485 0.060554825
68000 0.004821953 0.05381427 0.058636222
69000 0.009049815 0.051999625 0.06104944
70000 0.004785548 0.051623452 0.056409
71000 0.0050386847 0.055857264 0.06089595
72000 0.0048985616 0.050967384 0.055865947
73000 0.004183988 0.047608536 0.051792525
74000 0.004670863 0.05194217 0.05661303
75000 0.0049428693 0.053892747 0.058835614
76000 0.0050122677 0.05711522 0.062127486
77000 0.004939042 0.055065688 0.06000473
78000 0.0046782256 0.053599473 0.0582777
79000 0.0043878686 0.05165809 0.056045957
80000 0.004838336 0.053703595 0.05854193
81000 0.004654185 0.053074807 0.05772899
82000 0.005070043 0.0509382 0.056008242
83000 0.0047954465 0.05129943 0.056094877
84000 0.0048163934 0.055108987 0.05992538
85000 0.004525163 0.05167226 0.056197423
86000 0.004307449 0.049006738 0.053314187
87000 0.0046227616 0.053551573 0.058174334
88000 0.0044109244 0.051713496 0.05612442
89000 0.004514935 0.048583556 0.053098492
90000 0.0042966967 0.048272505 0.052569203
91000 0.004588233 0.052632734 0.057220966
92000 0.0041706115 0.05046247 0.05463308
93000 0.004042365 0.046579305 0.05062167
94000 0.0042398353 0.048562143 0.052801978
95000 0.005544546 0.053589687 0.059134234
96000 0.0047120205 0.051932182 0.0566442
97000 0.003986757 0.046200655 0.050187413
98000 0.0039629703 0.04736959 0.05133256
99000 0.003647174 0.043706436 0.04735361
done
[0, 1] [0, 1] [0.6666666865348816] [1.0]
[0, 1] [0, 1] [0.3333333432674408] [0.0]
[0, 1] [0, 1] [0.6666666865348816] [0.6666666865348816]
[1, 0] [1, 0] [1.0] [1.0]
[0, 1] [0, 1] [0.3333333432674408] [0.0]
[0, 1] [0, 1] [0.6666666865348816] [1.0]
[0, 1] [0, 1] [0.3333333432674408] [0.0]
[0, 1] [0, 1] [0.3333333432674408] [0.3333333432674408]
[1, 0] [1, 0] [1.0] [1.0]
[1, 0] [1, 0] [0.3333333432674408] [0.6666666865348816]
[1, 0] [1, 0] [0.0] [0.0]
[1, 0] [1, 0] [1.0] [1.0]
[0, 1] [0, 1] [0.6666666865348816] [1.0]
[1, 0] [1, 0] [0.3333333432674408] [0.6666666865348816]
[0, 1] [0, 1] [0.3333333432674408] [0.0]
[1, 0] [1, 0] [1.0] [1.0]
[1, 0] [1, 0] [0.3333333432674408] [0.6666666865348816]
[0, 1] [0, 1] [0.6666666865348816] [1.0]
[1, 0] [1, 0] [0.0] [0.0]
[0, 1] [0, 1] [0.3333333432674408] [0.0]
[0, 1] [0, 1] [0.3333333432674408] [0.0]
[0, 1] [0, 1] [0.3333333432674408] [0.3333333432674408]
[1, 0] [1, 0] [0.3333333432674408] [0.3333333432674408]
[0, 1] [0, 1] [0.3333333432674408] [0.0]
[0, 1] [0, 1] [0.3333333432674408] [0.3333333432674408]
[0, 1] [0, 1] [0.3333333432674408] [0.3333333432674408]
[0, 1] [0, 1] [0.6666666865348816] [1.0]
[0, 1] [0, 1] [0.6666666865348816] [1.0]
[1, 0] [1, 0] [0.3333333432674408] [0.6666666865348816]
[1, 0] [1, 0] [1.0] [1.0]
[0, 1] [0, 1] [0.6666666865348816] [1.0]
[0, 1] [0, 1] [0.6666666865348816] [1.0]
[1, 0] [1, 0] [0.3333333432674408] [0.6666666865348816]
[0, 1] [0, 1] [0.3333333432674408] [0.3333333432674408]
[0, 1] [0, 1] [0.3333333432674408] [0.3333333432674408]
[0, 1] [0, 1] [0.6666666865348816] [0.6666666865348816]
[1, 0] [1, 0] [0.3333333432674408] [0.3333333432674408]
[1, 0] [1, 0] [0.0] [0.0]
[0, 1] [0, 1] [0.3333333432674408] [0.3333333432674408]
[1, 0] [1, 0] [0.3333333432674408] [0.6666666865348816]
[1, 0] [1, 0] [0.3333333432674408] [0.6666666865348816]
[0, 1] [0, 1] [0.6666666865348816] [0.6666666865348816]
[0, 1] [0, 1] [0.3333333432674408] [0.3333333432674408]
[1, 0] [1, 0] [0.3333333432674408] [0.3333333432674408]
[1, 0] [1, 0] [1.0] [1.0]
[0, 1] [0, 1] [0.6666666865348816] [1.0]
[0, 1] [0, 1] [0.6666666865348816] [1.0]
[1, 0] [1, 0] [1.0] [1.0]
[0, 1] [0, 1] [0.3333333432674408] [0.0]
[1, 0] [1, 0] [0.3333333432674408] [0.3333333432674408]
[0, 1] [0, 1] [0.6666666865348816] [1.0]
[0, 1] [0, 1] [0.6666666865348816] [1.0]
[1, 0] [1, 0] [0.3333333432674408] [0.3333333432674408]
[1, 0] [1, 0] [0.3333333432674408] [0.6666666865348816]
[1, 0] [1, 0] [0.3333333432674408] [0.6666666865348816]
[0, 1] [0, 1] [0.6666666865348816] [1.0]
[1, 0] [1, 0] [1.0] [1.0]
[0, 1] [0, 1] [0.3333333432674408] [0.3333333432674408]
[0, 1] [0, 1] [0.6666666865348816] [0.6666666865348816]
[1, 0] [1, 0] [1.0] [1.0]
[0, 1] [0, 1] [0.3333333432674408] [0.0]
[0, 1] [0, 1] [0.3333333432674408] [0.0]
[1, 0] [1, 0] [0.3333333432674408] [0.3333333432674408]
[1, 0] [1, 0] [0.0] [0.0]
[0, 1] [0, 1] [0.6666666865348816] [1.0]
[1, 0] [1, 0] [0.3333333432674408] [0.3333333432674408]
[1, 0] [1, 0] [0.3333333432674408] [0.3333333432674408]
[0, 1] [0, 1] [0.3333333432674408] [0.3333333432674408]
[1, 0] [1, 0] [0.0] [0.0]
[1, 0] [1, 0] [1.0] [1.0]
[1, 0] [1, 0] [1.0] [1.0]
[0, 1] [0, 1] [0.6666666865348816] [0.6666666865348816]
[1, 0] [1, 0] [0.3333333432674408] [0.6666666865348816]
[1, 0] [1, 0] [0.3333333432674408] [0.6666666865348816]
[0, 1] [0, 1] [0.6666666865348816] [1.0]
[0, 1] [0, 1] [0.6666666865348816] [0.6666666865348816]
[0, 1] [0, 1] [0.3333333432674408] [0.3333333432674408]
[1, 0] [1, 0] [0.0] [0.0]
[0, 1] [0, 1] [0.3333333432674408] [0.0]
[0, 1] [0, 1] [0.6666666865348816] [0.6666666865348816]
[1, 0] [1, 0] [0.3333333432674408] [0.3333333432674408]
[0, 1] [0, 1] [0.6666666865348816] [0.6666666865348816]
[0, 1] [0, 1] [0.3333333432674408] [0.3333333432674408]
[0, 1] [0, 1] [0.3333333432674408] [0.0]
[1, 0] [1, 0] [0.0] [0.0]
[0, 1] [0, 1] [0.6666666865348816] [1.0]
[0, 1] [0, 1] [0.6666666865348816] [1.0]
[1, 0] [1, 0] [0.3333333432674408] [0.3333333432674408]
[1, 0] [1, 0] [0.0] [0.0]
[1, 0] [1, 0] [1.0] [1.0]
[1, 0] [1, 0] [1.0] [1.0]
[1, 0] [1, 0] [0.0] [0.0]
[1, 0] [1, 0] [0.0] [0.0]
[1, 0] [1, 0] [1.0] [1.0]
[1, 0] [1, 0] [1.0] [1.0]
[1, 0] [1, 0] [0.3333333432674408] [0.3333333432674408]
[1, 0] [1, 0] [0.3333333432674408] [0.6666666865348816]
[0, 1] [0, 1] [0.3333333432674408] [0.0]
[1, 0] [1, 0] [0.0] [0.0]
[0, 1] [0, 1] [0.3333333432674408] [0.0]
[1, 0] [1, 0] [1.0] [1.0]
[1, 0] [1, 0] [1.0] [1.0]
[0, 1] [0, 1] [0.6666666865348816] [1.0]
[1, 0] [1, 0] [0.3333333432674408] [0.6666666865348816]
[0, 1] [0, 1] [0.3333333432674408] [0.3333333432674408]
[1, 0] [1, 0] [0.3333333432674408] [0.6666666865348816]
[0, 1] [0, 1] [0.3333333432674408] [0.0]
[0, 1] [0, 1] [0.3333333432674408] [0.3333333432674408]
[1, 0] [1, 0] [1.0] [1.0]
[1, 0] [1, 0] [1.0] [1.0]
[1, 0] [1, 0] [0.3333333432674408] [0.3333333432674408]
[1, 0] [1, 0] [0.3333333432674408] [0.6666666865348816]
[1, 0] [1, 0] [1.0] [1.0]
[0, 1] [0, 1] [0.6666666865348816] [1.0]
[1, 0] [1, 0] [0.3333333432674408] [0.3333333432674408]
[1, 0] [1, 0] [0.0] [0.0]
[0, 1] [0, 1] [0.6666666865348816] [1.0]
[1, 0] [1, 0] [1.0] [1.0]
[1, 0] [1, 0] [1.0] [1.0]
[1, 0] [1, 0] [0.0] [0.0]
[1, 0] [1, 0] [0.0] [0.0]
[1, 0] [1, 0] [1.0] [1.0]
[0, 1] [0, 1] [0.3333333432674408] [0.0]
[1, 0] [1, 0] [1.0] [1.0]
[1, 0] [1, 0] [0.3333333432674408] [0.6666666865348816]
[0, 1] [0, 1] [0.6666666865348816] [1.0]
[0, 1] [0, 1] [0.6666666865348816] [0.6666666865348816]
[0, 1] [0, 1] [0.3333333432674408] [0.0]
[0, 1] [0, 1] [0.6666666865348816] [1.0]
[1, 0] [1, 0] [1.0] [1.0]
[0, 1] [0, 1] [0.3333333432674408] [0.3333333432674408]
[0, 1] [0, 1] [0.6666666865348816] [1.0]
[0, 1] [0, 1] [0.3333333432674408] [0.3333333432674408]
[0, 1] [0, 1] [0.6666666865348816] [1.0]
[0, 1] [0, 1] [0.6666666865348816] [0.6666666865348816]
[1, 0] [1, 0] [1.0] [1.0]
[0, 1] [0, 1] [0.6666666865348816] [1.0]
[0, 1] [0, 1] [0.6666666865348816] [1.0]
[0, 1] [0, 1] [0.3333333432674408] [0.0]
[0, 1] [0, 1] [0.6666666865348816] [1.0]
[0, 1] [0, 1] [0.3333333432674408] [0.0]
[1, 0] [1, 0] [0.0] [0.0]
[0, 1] [0, 1] [0.6666666865348816] [0.6666666865348816]
[1, 0] [1, 0] [0.0] [0.0]
[0, 1] [0, 1] [0.6666666865348816] [0.6666666865348816]
[0, 1] [0, 1] [0.6666666865348816] [0.6666666865348816]
[0, 1] [0, 1] [0.6666666865348816] [1.0]
[0, 1] [0, 1] [0.6666666865348816] [0.6666666865348816]
[1, 0] [1, 0] [1.0] [1.0]
[1, 0] [1, 0] [0.3333333432674408] [0.3333333432674408]
[1, 0] [1, 0] [0.0] [0.0]
[1, 0] [1, 0] [0.3333333432674408] [0.3333333432674408]
[0, 1] [0, 1] [0.3333333432674408] [0.3333333432674408]
[1, 0] [1, 0] [1.0] [1.0]
[1, 0] [1, 0] [0.3333333432674408] [0.6666666865348816]
[0, 1] [0, 1] [0.6666666865348816] [1.0]
[1, 0] [1, 0] [0.3333333432674408] [0.6666666865348816]
[1, 0] [1, 0] [0.3333333432674408] [0.3333333432674408]
[1, 0] [1, 0] [0.3333333432674408] [0.3333333432674408]
[0, 1] [0, 1] [0.3333333432674408] [0.3333333432674408]
[1, 0] [1, 0] [0.3333333432674408] [0.3333333432674408]
[1, 0] [1, 0] [0.0] [0.0]
[0, 1] [0, 1] [0.3333333432674408] [0.0]
[0, 1] [0, 1] [0.3333333432674408] [0.0]
[0, 1] [0, 1] [0.3333333432674408] [0.0]
[1, 0] [1, 0] [0.3333333432674408] [0.3333333432674408]
[1, 0] [1, 0] [0.3333333432674408] [0.6666666865348816]
[0, 1] [0, 1] [0.6666666865348816] [0.6666666865348816]
[1, 0] [1, 0] [0.3333333432674408] [0.3333333432674408]
[1, 0] [1, 0] [0.0] [0.0]
[0, 1] [0, 1] [0.3333333432674408] [0.3333333432674408]
[1, 0] [1, 0] [0.3333333432674408] [0.6666666865348816]
[1, 0] [1, 0] [0.0] [0.0]
[0, 1] [0, 1] [0.6666666865348816] [0.6666666865348816]
[0, 1] [0, 1] [0.6666666865348816] [1.0]
[1, 0] [1, 0] [0.3333333432674408] [0.3333333432674408]
[1, 0] [1, 0] [0.0] [0.0]
[1, 0] [1, 0] [1.0] [1.0]
[0, 1] [0, 1] [0.6666666865348816] [0.6666666865348816]
[1, 0] [1, 0] [0.3333333432674408] [0.3333333432674408]
[0, 1] [0, 1] [0.3333333432674408] [0.0]
[0, 1] [0, 1] [0.3333333432674408] [0.0]
[1, 0] [1, 0] [0.0] [0.0]
[0, 1] [0, 1] [0.6666666865348816] [0.6666666865348816]
[1, 0] [1, 0] [1.0] [1.0]
[0, 1] [0, 1] [0.6666666865348816] [1.0]
[1, 0] [1, 0] [0.0] [0.0]
[1, 0] [1, 0] [0.3333333432674408] [0.3333333432674408]
[0, 1] [0, 1] [0.6666666865348816] [0.6666666865348816]
[0, 1] [0, 1] [0.3333333432674408] [0.3333333432674408]
[0, 1] [0, 1] [0.6666666865348816] [0.6666666865348816]
[0, 1] [0, 1] [0.3333333432674408] [0.3333333432674408]
[0, 1] [0, 1] [0.3333333432674408] [0.3333333432674408]
[1, 0] [1, 0] [0.3333333432674408] [0.3333333432674408]
[1, 0] [1, 0] [0.3333333432674408] [0.3333333432674408]
[0, 1] [0, 1] [0.6666666865348816] [0.6666666865348816]
[1, 0] [1, 0] [0.0] [0.0]
[0, 1] [0, 1] [0.3333333432674408] [0.3333333432674408]
[0, 1] [0, 1] [0.6666666865348816] [0.6666666865348816]
[0, 1] [0, 1] [0.6666666865348816] [1.0]
[1, 0] [1, 0] [1.0] [1.0]
[1, 0] [1, 0] [0.3333333432674408] [0.6666666865348816]
[1, 0] [1, 0] [0.3333333432674408] [0.6666666865348816]
[1, 0] [1, 0] [1.0] [1.0]
[0, 1] [0, 1] [0.6666666865348816] [1.0]
[0, 1] [0, 1] [0.6666666865348816] [0.6666666865348816]
[0, 1] [0, 1] [0.6666666865348816] [0.6666666865348816]
[1, 0] [1, 0] [0.3333333432674408] [0.3333333432674408]
[1, 0] [1, 0] [0.3333333432674408] [0.6666666865348816]
[0, 1] [0, 1] [0.6666666865348816] [0.6666666865348816]
[0, 1] [0, 1] [0.6666666865348816] [0.6666666865348816]
[0, 1] [0, 1] [0.3333333432674408] [0.3333333432674408]
[1, 0] [1, 0] [0.3333333432674408] [0.3333333432674408]
[0, 1] [0, 1] [0.3333333432674408] [0.3333333432674408]
[0, 1] [0, 1] [0.6666666865348816] [0.6666666865348816]
[1, 0] [1, 0] [0.3333333432674408] [0.3333333432674408]
[1, 0] [1, 0] [0.3333333432674408] [0.6666666865348816]
[0, 1] [0, 1] [0.3333333432674408] [0.0]
[1, 0] [1, 0] [0.3333333432674408] [0.6666666865348816]
[0, 1] [0, 1] [0.6666666865348816] [0.6666666865348816]
[0, 1] [0, 1] [0.6666666865348816] [0.6666666865348816]
[1, 0] [1, 0] [1.0] [1.0]
[1, 0] [1, 0] [1.0] [1.0]
[1, 0] [1, 0] [1.0] [1.0]
[0, 1] [0, 1] [0.6666666865348816] [1.0]
[0, 1] [0, 1] [0.6666666865348816] [0.6666666865348816]
[1, 0] [1, 0] [0.0] [0.0]
[1, 0] [1, 0] [0.3333333432674408] [0.6666666865348816]
[1, 0] [1, 0] [1.0] [1.0]
[0, 1] [0, 1] [0.3333333432674408] [0.3333333432674408]
[1, 0] [1, 0] [0.3333333432674408] [0.6666666865348816]
[0, 1] [0, 1] [0.3333333432674408] [0.0]
[1, 0] [1, 0] [0.3333333432674408] [0.6666666865348816]
[1, 0] [1, 0] [1.0] [1.0]
[0, 1] [0, 1] [0.3333333432674408] [0.3333333432674408]
[1, 0] [1, 0] [1.0] [1.0]
[0, 1] [0, 1] [0.3333333432674408] [0.0]
[0, 1] [0, 1] [0.6666666865348816] [1.0]
[1, 0] [1, 0] [0.3333333432674408] [0.3333333432674408]
[1, 0] [1, 0] [0.0] [0.0]
[1, 0] [1, 0] [0.3333333432674408] [0.3333333432674408]
[0, 1] [0, 1] [0.6666666865348816] [0.6666666865348816]
[1, 0] [1, 0] [0.0] [0.0]
[1, 0] [1, 0] [1.0] [1.0]
[1, 0] [1, 0] [0.3333333432674408] [0.6666666865348816]
[1, 0] [1, 0] [1.0] [1.0]
[0, 1] [0, 1] [0.3333333432674408] [0.3333333432674408]
[0, 1] [0, 1] [0.3333333432674408] [0.0]
[0, 1] [0, 1] [0.3333333432674408] [0.3333333432674408]
[0, 1] [0, 1] [0.6666666865348816] [0.6666666865348816]
[1, 0] [1, 0] [0.3333333432674408] [0.6666666865348816]
[1, 0] [1, 0] [0.3333333432674408] [0.3333333432674408]
[1, 0] [1, 0] [0.3333333432674408] [0.3333333432674408]
[1, 0] [1, 0] [1.0] [1.0]
[1, 0] [1, 0] [0.3333333432674408] [0.3333333432674408]
[0, 1] [0, 1] [0.3333333432674408] [0.0]
[1, 0] [1, 0] [0.3333333432674408] [0.3333333432674408]
[1, 0] [1, 0] [0.0] [0.0]
[0, 1] [0, 1] [0.6666666865348816] [1.0]
[1, 0] [1, 0] [0.0] [0.0]
[0, 1] [0, 1] [0.6666666865348816] [0.6666666865348816]
[0, 1] [0, 1] [0.3333333432674408] [0.3333333432674408]
[1, 0] [1, 0] [0.3333333432674408] [0.6666666865348816]
[0, 1] [0, 1] [0.6666666865348816] [1.0]
[1, 0] [1, 0] [0.3333333432674408] [0.6666666865348816]
[0, 1] [0, 1] [0.6666666865348816] [0.6666666865348816]
[1, 0] [1, 0] [0.3333333432674408] [0.6666666865348816]
[0, 1] [0, 1] [0.6666666865348816] [0.6666666865348816]
[1, 0] [1, 0] [0.3333333432674408] [0.6666666865348816]
[1, 0] [1, 0] [1.0] [1.0]
[0, 1] [0, 1] [0.3333333432674408] [0.0]
[0, 1] [0, 1] [0.3333333432674408] [0.3333333432674408]
[1, 0] [1, 0] [0.0] [0.0]
[0, 1] [0, 1] [0.3333333432674408] [0.0]
[1, 0] [1, 0] [0.0] [0.0]
[1, 0] [1, 0] [0.3333333432674408] [0.3333333432674408]
[0, 1] [0, 1] [0.6666666865348816] [1.0]
[1, 0] [1, 0] [1.0] [1.0]
[1, 0] [1, 0] [0.0] [0.0]
[1, 0] [1, 0] [0.0] [0.0]
[1, 0] [1, 0] [0.0] [0.0]
[0, 1] [0, 1] [0.3333333432674408] [0.0]
[1, 0] [1, 0] [0.0] [0.0]
[1, 0] [1, 0] [0.3333333432674408] [0.3333333432674408]
[1, 0] [1, 0] [1.0] [1.0]
[0, 1] [0, 1] [0.3333333432674408] [0.3333333432674408]
[0, 1] [0, 1] [0.6666666865348816] [0.6666666865348816]
[1, 0] [1, 0] [0.3333333432674408] [0.6666666865348816]
[0, 1] [0, 1] [0.3333333432674408] [0.3333333432674408]
[1, 0] [1, 0] [0.3333333432674408] [0.6666666865348816]
[1, 0] [1, 0] [1.0] [1.0]
[1, 0] [1, 0] [0.3333333432674408] [0.6666666865348816]
[1, 0] [1, 0] [0.3333333432674408] [0.3333333432674408]
[0, 1] [0, 1] [0.3333333432674408] [0.3333333432674408]
[1, 0] [1, 0] [0.3333333432674408] [0.6666666865348816]
[0, 1] [0, 1] [0.3333333432674408] [0.0]
[1, 0] [1, 0] [1.0] [1.0]
[0, 1] [0, 1] [0.6666666865348816] [0.6666666865348816]
[0, 1] [0, 1] [0.6666666865348816] [0.6666666865348816]
[1, 0] [1, 0] [0.3333333432674408] [0.3333333432674408]
[1, 0] [1, 0] [0.0] [0.0]
[1, 0] [1, 0] [0.3333333432674408] [0.6666666865348816]
[0, 1] [0, 1] [0.6666666865348816] [0.6666666865348816]
[1, 0] [1, 0] [0.3333333432674408] [0.6666666865348816]
[0, 1] [0, 1] [0.6666666865348816] [0.6666666865348816]
[0, 1] [0, 1] [0.6666666865348816] [0.6666666865348816]
[1, 0] [1, 0] [1.0] [1.0]
[0, 1] [0, 1] [0.6666666865348816] [1.0]
[1, 0] [1, 0] [0.3333333432674408] [0.3333333432674408]
[1, 0] [1, 0] [1.0] [1.0]
[0, 1] [0, 1] [0.6666666865348816] [0.6666666865348816]
[1, 0] [1, 0] [1.0] [1.0]
[0, 1] [0, 1] [0.6666666865348816] [1.0]
[0, 1] [0, 1] [0.6666666865348816] [1.0]
[0, 1] [0, 1] [0.3333333432674408] [0.0]
[1, 0] [1, 0] [1.0] [1.0]
[1, 0] [1, 0] [0.0] [0.0]
[1, 0] [1, 0] [0.3333333432674408] [0.3333333432674408]
[1, 0] [1, 0] [0.3333333432674408] [0.3333333432674408]
[0, 1] [0, 1] [0.3333333432674408] [0.3333333432674408]
[0, 1] [0, 1] [0.3333333432674408] [0.0]
[1, 0] [1, 0] [0.3333333432674408] [0.6666666865348816]
[1, 0] [1, 0] [0.0] [0.0]
[1, 0] [1, 0] [0.3333333432674408] [0.6666666865348816]
[1, 0] [1, 0] [1.0] [1.0]
[0, 1] [0, 1] [0.6666666865348816] [1.0]
[1, 0] [1, 0] [0.3333333432674408] [0.3333333432674408]
[0, 1] [0, 1] [0.6666666865348816] [1.0]
[0, 1] [0, 1] [0.3333333432674408] [0.3333333432674408]
[1, 0] [1, 0] [0.0] [0.0]
[1, 0] [1, 0] [0.0] [0.0]
[0, 1] [0, 1] [0.6666666865348816] [0.6666666865348816]
[0, 1] [0, 1] [0.3333333432674408] [0.0]
[0, 1] [0, 1] [0.6666666865348816] [1.0]
[1, 0] [1, 0] [0.3333333432674408] [0.3333333432674408]
[1, 0] [1, 0] [0.3333333432674408] [0.3333333432674408]
[0, 1] [0, 1] [0.3333333432674408] [0.3333333432674408]
[0, 1] [0, 1] [0.6666666865348816] [0.6666666865348816]
[0, 1] [0, 1] [0.6666666865348816] [0.6666666865348816]
[1, 0] [1, 0] [0.3333333432674408] [0.3333333432674408]
[1, 0] [1, 0] [1.0] [1.0]
[0, 1] [0, 1] [0.3333333432674408] [0.3333333432674408]
[1, 0] [1, 0] [0.3333333432674408] [0.3333333432674408]
[0, 1] [0, 1] [0.3333333432674408] [0.0]
[1, 0] [1, 0] [0.0] [0.0]
[0, 1] [0, 1] [0.3333333432674408] [0.3333333432674408]
[0, 1] [0, 1] [0.6666666865348816] [0.6666666865348816]
[1, 0] [1, 0] [0.3333333432674408] [0.6666666865348816]
[0, 1] [0, 1] [0.3333333432674408] [0.3333333432674408]
[0, 1] [0, 1] [0.3333333432674408] [0.0]
[0, 1] [0, 1] [0.3333333432674408] [0.3333333432674408]
[0, 1] [0, 1] [0.3333333432674408] [0.0]
[1, 0] [1, 0] [0.3333333432674408] [0.3333333432674408]
[0, 1] [0, 1] [0.6666666865348816] [0.6666666865348816]
[1, 0] [1, 0] [1.0] [1.0]
[1, 0] [1, 0] [1.0] [1.0]
[0, 1] [0, 1] [0.3333333432674408] [0.0]
[0, 1] [0, 1] [0.6666666865348816] [0.6666666865348816]
[1, 0] [1, 0] [0.0] [0.0]
[1, 0] [1, 0] [0.3333333432674408] [0.6666666865348816]
[1, 0] [1, 0] [0.0] [0.0]
[0, 1] [0, 1] [0.6666666865348816] [0.6666666865348816]
[0, 1] [0, 1] [0.6666666865348816] [0.6666666865348816]
[0, 1] [0, 1] [0.6666666865348816] [0.6666666865348816]
[1, 0] [1, 0] [0.0] [0.0]
[1, 0] [1, 0] [0.3333333432674408] [0.3333333432674408]
[1, 0] [1, 0] [0.3333333432674408] [0.6666666865348816]
[0, 1] [0, 1] [0.3333333432674408] [0.3333333432674408]
[1, 0] [1, 0] [1.0] [1.0]
[1, 0] [1, 0] [0.3333333432674408] [0.3333333432674408]
[0, 1] [0, 1] [0.6666666865348816] [1.0]
[0, 1] [0, 1] [0.6666666865348816] [1.0]
[1, 0] [1, 0] [0.3333333432674408] [0.3333333432674408]
[1, 0] [1, 0] [0.3333333432674408] [0.6666666865348816]
[1, 0] [1, 0] [0.3333333432674408] [0.3333333432674408]
[0, 1] [0, 1] [0.3333333432674408] [0.0]
[0, 1] [0, 1] [0.3333333432674408] [0.0]
[0, 1] [0, 1] [0.6666666865348816] [1.0]
[1, 0] [1, 0] [0.0] [0.0]
[0, 1] [0, 1] [0.6666666865348816] [0.6666666865348816]
[0, 1] [0, 1] [0.6666666865348816] [0.6666666865348816]
[1, 0] [1, 0] [0.3333333432674408] [0.3333333432674408]
[0, 1] [0, 1] [0.3333333432674408] [0.0]
[0, 1] [0, 1] [0.6666666865348816] [0.6666666865348816]
[1, 0] [1, 0] [0.0] [0.0]
[1, 0] [1, 0] [0.0] [0.0]
[0, 1] [0, 1] [0.6666666865348816] [1.0]
[0, 1] [0, 1] [0.3333333432674408] [0.3333333432674408]
[0, 1] [0, 1] [0.6666666865348816] [0.6666666865348816]
[1, 0] [1, 0] [1.0] [1.0]
[1, 0] [1, 0] [1.0] [1.0]
[0, 1] [0, 1] [0.3333333432674408] [0.0]
[1, 0] [1, 0] [0.3333333432674408] [0.6666666865348816]
[1, 0] [1, 0] [1.0] [1.0]
[0, 1] [0, 1] [0.6666666865348816] [1.0]
[1, 0] [1, 0] [0.3333333432674408] [0.6666666865348816]
[1, 0] [1, 0] [0.3333333432674408] [0.6666666865348816]
[1, 0] [1, 0] [0.3333333432674408] [0.3333333432674408]
[0, 1] [0, 1] [0.6666666865348816] [1.0]
[1, 0] [1, 0] [0.3333333432674408] [0.6666666865348816]
[1, 0] [1, 0] [0.3333333432674408] [0.6666666865348816]
[0, 1] [0, 1] [0.6666666865348816] [0.6666666865348816]
[0, 1] [0, 1] [0.3333333432674408] [0.3333333432674408]
[1, 0] [1, 0] [0.0] [0.0]
[1, 0] [1, 0] [0.0] [0.0]
[1, 0] [1, 0] [0.3333333432674408] [0.6666666865348816]
[0, 1] [0, 1] [0.6666666865348816] [0.6666666865348816]
[0, 1] [0, 1] [0.6666666865348816] [0.6666666865348816]
[1, 0] [1, 0] [0.3333333432674408] [0.6666666865348816]
[0, 1] [0, 1] [0.6666666865348816] [1.0]
[1, 0] [1, 0] [0.3333333432674408] [0.3333333432674408]
[1, 0] [1, 0] [0.3333333432674408] [0.3333333432674408]
[1, 0] [1, 0] [0.0] [0.0]
[0, 1] [0, 1] [0.3333333432674408] [0.0]
[0, 1] [0, 1] [0.3333333432674408] [0.3333333432674408]
[1, 0] [1, 0] [0.3333333432674408] [0.3333333432674408]
[1, 0] [1, 0] [0.3333333432674408] [0.3333333432674408]
[0, 1] [0, 1] [0.3333333432674408] [0.0]
[0, 1] [0, 1] [0.6666666865348816] [0.6666666865348816]
[1, 0] [1, 0] [0.3333333432674408] [0.6666666865348816]
[0, 1] [0, 1] [0.3333333432674408] [0.3333333432674408]
[1, 0] [1, 0] [0.3333333432674408] [0.6666666865348816]
[0, 1] [0, 1] [0.6666666865348816] [1.0]
[0, 1] [0, 1] [0.3333333432674408] [0.0]
[1, 0] [1, 0] [0.3333333432674408] [0.3333333432674408]
[0, 1] [0, 1] [0.6666666865348816] [1.0]
[0, 1] [0, 1] [0.3333333432674408] [0.0]
[0, 1] [0, 1] [0.6666666865348816] [0.6666666865348816]
[1, 0] [1, 0] [0.3333333432674408] [0.3333333432674408]
[1, 0] [1, 0] [0.3333333432674408] [0.6666666865348816]
[0, 1] [0, 1] [0.6666666865348816] [0.6666666865348816]
[1, 0] [1, 0] [0.0] [0.0]
[0, 1] [0, 1] [0.6666666865348816] [1.0]
[0, 1] [0, 1] [0.6666666865348816] [1.0]
[1, 0] [1, 0] [0.3333333432674408] [0.3333333432674408]
[0, 1] [0, 1] [0.3333333432674408] [0.0]
[1, 0] [1, 0] [1.0] [1.0]
[0, 1] [0, 1] [0.3333333432674408] [0.0]
[1, 0] [1, 0] [0.3333333432674408] [0.6666666865348816]
[0, 1] [0, 1] [0.6666666865348816] [0.6666666865348816]
[0, 1] [0, 1] [0.6666666865348816] [0.6666666865348816]
[0, 1] [0, 1] [0.6666666865348816] [1.0]
[1, 0] [1, 0] [1.0] [1.0]
[0, 1] [0, 1] [0.6666666865348816] [1.0]
[1, 0] [1, 0] [0.3333333432674408] [0.6666666865348816]
[1, 0] [1, 0] [1.0] [1.0]
[1, 0] [1, 0] [1.0] [1.0]
[1, 0] [1, 0] [0.3333333432674408] [0.6666666865348816]
[0, 1] [0, 1] [0.6666666865348816] [0.6666666865348816]
[1, 0] [1, 0] [1.0] [1.0]
[0, 1] [0, 1] [0.3333333432674408] [0.3333333432674408]
[1, 0] [1, 0] [0.3333333432674408] [0.3333333432674408]
[1, 0] [1, 0] [0.3333333432674408] [0.6666666865348816]
[0, 1] [0, 1] [0.6666666865348816] [1.0]
[1, 0] [1, 0] [0.3333333432674408] [0.3333333432674408]
[0, 1] [0, 1] [0.6666666865348816] [1.0]
[1, 0] [1, 0] [0.3333333432674408] [0.6666666865348816]
[0, 1] [0, 1] [0.3333333432674408] [0.0]
[1, 0] [1, 0] [0.3333333432674408] [0.3333333432674408]
[1, 0] [1, 0] [1.0] [1.0]
[1, 0] [1, 0] [0.3333333432674408] [0.3333333432674408]
[1, 0] [1, 0] [0.3333333432674408] [0.6666666865348816]
[0, 1] [0, 1] [0.3333333432674408] [0.3333333432674408]
[0, 1] [0, 1] [0.6666666865348816] [1.0]
[1, 0] [1, 0] [1.0] [1.0]
[0, 1] [0, 1] [0.6666666865348816] [1.0]
[0, 1] [0, 1] [0.3333333432674408] [0.0]
[1, 0] [1, 0] [0.3333333432674408] [0.6666666865348816]
[0, 1] [0, 1] [0.3333333432674408] [0.3333333432674408]
[0, 1] [0, 1] [0.6666666865348816] [1.0]
[1, 0] [1, 0] [0.3333333432674408] [0.6666666865348816]
[0, 1] [0, 1] [0.3333333432674408] [0.0]
[0, 1] [0, 1] [0.3333333432674408] [0.0]
[1, 0] [1, 0] [0.0] [0.0]
[0, 1] [0, 1] [0.3333333432674408] [0.3333333432674408]
[0, 1] [0, 1] [0.3333333432674408] [0.0]
[0, 1] [0, 1] [0.3333333432674408] [0.3333333432674408]
[1, 0] [1, 0] [0.3333333432674408] [0.3333333432674408]
[0, 1] [0, 1] [0.3333333432674408] [0.0]
[0, 1] [0, 1] [0.3333333432674408] [0.3333333432674408]
[1, 0] [1, 0] [1.0] [1.0]
[0, 1] [0, 1] [0.6666666865348816] [0.6666666865348816]
[0, 1] [0, 1] [0.6666666865348816] [0.6666666865348816]
[0, 1] [0, 1] [0.3333333432674408] [0.3333333432674408]
[1, 0] [1, 0] [1.0] [1.0]
[0, 1] [0, 1] [0.6666666865348816] [1.0]
[1, 0] [1, 0] [0.0] [0.0]
[0, 1] [0, 1] [0.6666666865348816] [0.6666666865348816]
[0, 1] [0, 1] [0.6666666865348816] [1.0]
[1, 0] [1, 0] [0.3333333432674408] [0.6666666865348816]
[0, 1] [0, 1] [0.3333333432674408] [0.0]
[1, 0] [1, 0] [0.3333333432674408] [0.3333333432674408]
[0, 1] [0, 1] [0.3333333432674408] [0.0]
[1, 0] [1, 0] [0.3333333432674408] [0.3333333432674408]
[1, 0] [1, 0] [0.3333333432674408] [0.3333333432674408]
[1, 0] [1, 0] [0.3333333432674408] [0.6666666865348816]
[1, 0] [1, 0] [1.0] [1.0]
[1, 0] [1, 0] [0.3333333432674408] [0.3333333432674408]
[0, 1] [0, 1] [0.6666666865348816] [0.6666666865348816]
[1, 0] [1, 0] [0.3333333432674408] [0.6666666865348816]
[1, 0] [1, 0] [0.0] [0.0]
[0, 1] [0, 1] [0.3333333432674408] [0.0]
[0, 1] [0, 1] [0.6666666865348816] [0.6666666865348816]
[1, 0] [1, 0] [0.3333333432674408] [0.3333333432674408]
[0, 1] [0, 1] [0.3333333432674408] [0.3333333432674408]
[1, 0] [1, 0] [0.0] [0.0]
[1, 0] [1, 0] [0.3333333432674408] [0.6666666865348816]
[1, 0] [1, 0] [0.3333333432674408] [0.3333333432674408]
[1, 0] [1, 0] [0.3333333432674408] [0.3333333432674408]
[1, 0] [1, 0] [0.0] [0.0]
[1, 0] [1, 0] [1.0] [1.0]
[1, 0] [1, 0] [0.3333333432674408] [0.6666666865348816]
[0, 1] [0, 1] [0.3333333432674408] [0.3333333432674408]
[0, 1] [0, 1] [0.6666666865348816] [0.6666666865348816]
[0, 1] [0, 1] [0.3333333432674408] [0.0]
[0, 1] [0, 1] [0.3333333432674408] [0.0]
[0, 1] [0, 1] [0.3333333432674408] [0.0]
[1, 0] [1, 0] [0.3333333432674408] [0.3333333432674408]
[1, 0] [1, 0] [0.3333333432674408] [0.6666666865348816]
[1, 0] [1, 0] [0.3333333432674408] [0.6666666865348816]
[0, 1] [0, 1] [0.3333333432674408] [0.3333333432674408]
[1, 0] [1, 0] [0.3333333432674408] [0.3333333432674408]
[0, 1] [0, 1] [0.3333333432674408] [0.0]
[1, 0] [1, 0] [1.0] [1.0]
[0, 1] [0, 1] [0.6666666865348816] [1.0]
[0, 1] [0, 1] [0.3333333432674408] [0.3333333432674408]
[0, 1] [0, 1] [0.3333333432674408] [0.0]
[0, 1] [0, 1] [0.3333333432674408] [0.3333333432674408]
[1, 0] [1, 0] [1.0] [1.0]
[1, 0] [1, 0] [0.0] [0.0]
[0, 1] [0, 1] [0.6666666865348816] [0.6666666865348816]
[1, 0] [1, 0] [0.0] [0.0]
[0, 1] [0, 1] [0.6666666865348816] [0.6666666865348816]
[0, 1] [0, 1] [0.6666666865348816] [0.6666666865348816]
[0, 1] [0, 1] [0.3333333432674408] [0.3333333432674408]
[1, 0] [1, 0] [0.3333333432674408] [0.3333333432674408]
[0, 1] [0, 1] [0.3333333432674408] [0.3333333432674408]
[0, 1] [0, 1] [0.3333333432674408] [0.3333333432674408]
[0, 1] [0, 1] [0.6666666865348816] [1.0]
[1, 0] [1, 0] [0.0] [0.0]
[0, 1] [0, 1] [0.6666666865348816] [0.6666666865348816]
[1, 0] [1, 0] [0.0] [0.0]
[0, 1] [0, 1] [0.3333333432674408] [0.0]
[0, 1] [0, 1] [0.6666666865348816] [0.6666666865348816]
[1, 0] [1, 0] [1.0] [1.0]
[0, 1] [0, 1] [0.3333333432674408] [0.0]
[0, 1] [0, 1] [0.6666666865348816] [0.6666666865348816]
[1, 0] [1, 0] [1.0] [1.0]
[0, 1] [0, 1] [0.3333333432674408] [0.0]
[0, 1] [0, 1] [0.6666666865348816] [1.0]
[0, 1] [0, 1] [0.3333333432674408] [0.3333333432674408]
[1, 0] [1, 0] [0.3333333432674408] [0.6666666865348816]
[1, 0] [1, 0] [1.0] [1.0]
[0, 1] [0, 1] [0.6666666865348816] [1.0]
[1, 0] [1, 0] [0.0] [0.0]
[0, 1] [0, 1] [0.3333333432674408] [0.0]
[1, 0] [1, 0] [0.3333333432674408] [0.6666666865348816]
[0, 1] [0, 1] [0.6666666865348816] [1.0]
[1, 0] [1, 0] [0.3333333432674408] [0.3333333432674408]
[0, 1] [0, 1] [0.6666666865348816] [0.6666666865348816]
[1, 0] [1, 0] [0.3333333432674408] [0.6666666865348816]
[1, 0] [1, 0] [0.3333333432674408] [0.3333333432674408]
[0, 1] [0, 1] [0.3333333432674408] [0.3333333432674408]
[1, 0] [1, 0] [0.0] [0.0]
[0, 1] [0, 1] [0.6666666865348816] [0.6666666865348816]
[0, 1] [0, 1] [0.6666666865348816] [0.6666666865348816]
[1, 0] [1, 0] [0.0] [0.0]
[1, 0] [1, 0] [0.3333333432674408] [0.6666666865348816]
[1, 0] [1, 0] [1.0] [1.0]
[0, 1] [0, 1] [0.3333333432674408] [0.0]
[1, 0] [1, 0] [0.3333333432674408] [0.3333333432674408]
[1, 0] [1, 0] [1.0] [1.0]
[1, 0] [1, 0] [0.3333333432674408] [0.3333333432674408]
[1, 0] [1, 0] [1.0] [1.0]
[1, 0] [1, 0] [0.0] [0.0]
[1, 0] [1, 0] [0.3333333432674408] [0.6666666865348816]
[0, 1] [0, 1] [0.3333333432674408] [0.3333333432674408]
[1, 0] [1, 0] [1.0] [1.0]
[1, 0] [1, 0] [1.0] [1.0]
[1, 0] [1, 0] [0.3333333432674408] [0.3333333432674408]
[1, 0] [1, 0] [1.0] [1.0]
[0, 1] [0, 1] [0.6666666865348816] [0.6666666865348816]
[0, 1] [0, 1] [0.3333333432674408] [0.0]
[0, 1] [0, 1] [0.3333333432674408] [0.0]
[1, 0] [1, 0] [0.3333333432674408] [0.6666666865348816]
[0, 1] [0, 1] [0.3333333432674408] [0.0]
[0, 1] [0, 1] [0.3333333432674408] [0.0]
[1, 0] [1, 0] [0.0] [0.0]
[0, 1] [0, 1] [0.3333333432674408] [0.0]
[1, 0] [1, 0] [0.3333333432674408] [0.3333333432674408]
[1, 0] [1, 0] [0.0] [0.0]
[0, 1] [0, 1] [0.3333333432674408] [0.3333333432674408]
[1, 0] [1, 0] [0.0] [0.0]
[0, 1] [0, 1] [0.3333333432674408] [0.0]
[1, 0] [1, 0] [0.0] [0.0]
[0, 1] [0, 1] [0.6666666865348816] [1.0]
[1, 0] [1, 0] [0.3333333432674408] [0.6666666865348816]
[0, 1] [0, 1] [0.3333333432674408] [0.0]
[1, 0] [1, 0] [1.0] [1.0]
[1, 0] [1, 0] [0.3333333432674408] [0.6666666865348816]
[1, 0] [1, 0] [0.0] [0.0]
[1, 0] [1, 0] [0.3333333432674408] [0.6666666865348816]
[0, 1] [0, 1] [0.3333333432674408] [0.0]
[1, 0] [1, 0] [0.0] [0.0]
[0, 1] [0, 1] [0.6666666865348816] [1.0]
[1, 0] [1, 0] [0.0] [0.0]
[0, 1] [0, 1] [0.6666666865348816] [1.0]
[0, 1] [0, 1] [0.6666666865348816] [0.6666666865348816]
[0, 1] [0, 1] [0.3333333432674408] [0.0]
[0, 1] [0, 1] [0.6666666865348816] [0.6666666865348816]
[1, 0] [1, 0] [0.0] [0.0]
[1, 0] [1, 0] [0.3333333432674408] [0.6666666865348816]
[0, 1] [0, 1] [0.3333333432674408] [0.0]
[1, 0] [1, 0] [0.3333333432674408] [0.3333333432674408]
[0, 1] [0, 1] [0.3333333432674408] [0.3333333432674408]
[1, 0] [1, 0] [0.0] [0.0]
[1, 0] [1, 0] [1.0] [1.0]
[0, 1] [0, 1] [0.6666666865348816] [1.0]
[1, 0] [1, 0] [0.3333333432674408] [0.6666666865348816]
[1, 0] [1, 0] [1.0] [1.0]
[0, 1] [0, 1] [0.3333333432674408] [0.3333333432674408]
[0, 1] [0, 1] [0.3333333432674408] [0.3333333432674408]
[1, 0] [1, 0] [0.3333333432674408] [0.6666666865348816]
[1, 0] [1, 0] [0.3333333432674408] [0.3333333432674408]
[1, 0] [1, 0] [0.3333333432674408] [0.3333333432674408]
[0, 1] [0, 1] [0.3333333432674408] [0.0]
[1, 0] [1, 0] [0.3333333432674408] [0.6666666865348816]
[0, 1] [0, 1] [0.3333333432674408] [0.0]
[1, 0] [1, 0] [0.3333333432674408] [0.6666666865348816]
[0, 1] [0, 1] [0.3333333432674408] [0.0]
[0, 1] [0, 1] [0.6666666865348816] [1.0]
[0, 1] [0, 1] [0.3333333432674408] [0.0]
[1, 0] [1, 0] [0.0] [0.0]
[0, 1] [0, 1] [0.6666666865348816] [0.6666666865348816]
[0, 1] [0, 1] [0.3333333432674408] [0.3333333432674408]
[0, 1] [0, 1] [0.3333333432674408] [0.0]
[0, 1] [0, 1] [0.3333333432674408] [0.0]
[1, 0] [1, 0] [0.3333333432674408] [0.3333333432674408]
[1, 0] [1, 0] [1.0] [1.0]
[1, 0] [1, 0] [1.0] [1.0]
[1, 0] [1, 0] [0.3333333432674408] [0.6666666865348816]
[0, 1] [0, 1] [0.6666666865348816] [0.6666666865348816]
[0, 1] [0, 1] [0.6666666865348816] [0.6666666865348816]
[1, 0] [1, 0] [0.3333333432674408] [0.3333333432674408]
[1, 0] [1, 0] [0.0] [0.0]
[0, 1] [0, 1] [0.6666666865348816] [0.6666666865348816]
[0, 1] [0, 1] [0.6666666865348816] [0.6666666865348816]
[0, 1] [0, 1] [0.3333333432674408] [0.3333333432674408]
[1, 0] [1, 0] [1.0] [1.0]
[1, 0] [1, 0] [1.0] [1.0]
[1, 0] [1, 0] [0.3333333432674408] [0.3333333432674408]
[0, 1] [0, 1] [0.6666666865348816] [0.6666666865348816]
[0, 1] [0, 1] [0.3333333432674408] [0.0]
[0, 1] [0, 1] [0.6666666865348816] [0.6666666865348816]
[0, 1] [0, 1] [0.6666666865348816] [0.6666666865348816]
[1, 0] [1, 0] [0.0] [0.0]
[1, 0] [1, 0] [1.0] [1.0]
[0, 1] [0, 1] [0.3333333432674408] [0.3333333432674408]
[1, 0] [1, 0] [0.3333333432674408] [0.6666666865348816]
[1, 0] [1, 0] [1.0] [1.0]
[0, 1] [0, 1] [0.3333333432674408] [0.0]
[1, 0] [1, 0] [0.3333333432674408] [0.6666666865348816]
[1, 0] [1, 0] [0.3333333432674408] [0.6666666865348816]
[1, 0] [1, 0] [0.3333333432674408] [0.6666666865348816]
[0, 1] [0, 1] [0.3333333432674408] [0.3333333432674408]
[1, 0] [1, 0] [0.0] [0.0]
[1, 0] [1, 0] [0.3333333432674408] [0.3333333432674408]
[0, 1] [0, 1] [0.6666666865348816] [0.6666666865348816]
[0, 1] [0, 1] [0.3333333432674408] [0.3333333432674408]
[0, 1] [0, 1] [0.6666666865348816] [0.6666666865348816]
[0, 1] [0, 1] [0.3333333432674408] [0.3333333432674408]
[1, 0] [1, 0] [0.3333333432674408] [0.3333333432674408]
[1, 0] [1, 0] [0.3333333432674408] [0.3333333432674408]
[1, 0] [1, 0] [0.3333333432674408] [0.3333333432674408]
[1, 0] [1, 0] [0.0] [0.0]
[1, 0] [1, 0] [0.0] [0.0]
[1, 0] [1, 0] [0.3333333432674408] [0.6666666865348816]
[0, 1] [0, 1] [0.3333333432674408] [0.0]
[0, 1] [0, 1] [0.6666666865348816] [0.6666666865348816]
[1, 0] [1, 0] [0.3333333432674408] [0.6666666865348816]
[1, 0] [1, 0] [1.0] [1.0]
[1, 0] [1, 0] [0.3333333432674408] [0.6666666865348816]
[1, 0] [1, 0] [0.0] [0.0]
[1, 0] [1, 0] [1.0] [1.0]
[1, 0] [1, 0] [0.0] [0.0]
[1, 0] [1, 0] [1.0] [1.0]
[0, 1] [0, 1] [0.3333333432674408] [0.0]
[1, 0] [1, 0] [0.0] [0.0]
[0, 1] [0, 1] [0.6666666865348816] [0.6666666865348816]
[0, 1] [0, 1] [0.3333333432674408] [0.0]
[0, 1] [0, 1] [0.6666666865348816] [0.6666666865348816]
[0, 1] [0, 1] [0.3333333432674408] [0.3333333432674408]
[1, 0] [1, 0] [0.3333333432674408] [0.3333333432674408]
[0, 1] [0, 1] [0.3333333432674408] [0.3333333432674408]
[1, 0] [1, 0] [1.0] [1.0]
[1, 0] [1, 0] [0.0] [0.0]
[0, 1] [0, 1] [0.6666666865348816] [0.6666666865348816]
[1, 0] [1, 0] [0.3333333432674408] [0.6666666865348816]
[1, 0] [1, 0] [0.3333333432674408] [0.6666666865348816]
[0, 1] [0, 1] [0.6666666865348816] [1.0]
[0, 1] [0, 1] [0.6666666865348816] [0.6666666865348816]
[0, 1] [0, 1] [0.6666666865348816] [0.6666666865348816]
[0, 1] [0, 1] [0.3333333432674408] [0.3333333432674408]
[1, 0] [1, 0] [1.0] [1.0]
[0, 1] [0, 1] [0.3333333432674408] [0.3333333432674408]
[0, 1] [0, 1] [0.6666666865348816] [0.6666666865348816]
[1, 0] [1, 0] [0.3333333432674408] [0.6666666865348816]
[1, 0] [1, 0] [0.3333333432674408] [0.6666666865348816]
[1, 0] [1, 0] [1.0] [1.0]
[0, 1] [0, 1] [0.6666666865348816] [0.6666666865348816]
[0, 1] [0, 1] [0.3333333432674408] [0.3333333432674408]
[0, 1] [0, 1] [0.3333333432674408] [0.3333333432674408]
[0, 1] [0, 1] [0.6666666865348816] [1.0]
[1, 0] [1, 0] [0.0] [0.0]
[1, 0] [1, 0] [0.3333333432674408] [0.3333333432674408]
[1, 0] [1, 0] [0.0] [0.0]
[0, 1] [0, 1] [0.3333333432674408] [0.0]
[0, 1] [0, 1] [0.6666666865348816] [1.0]
[0, 1] [0, 1] [0.3333333432674408] [0.3333333432674408]
[1, 0] [1, 0] [0.0] [0.0]
[1, 0] [1, 0] [0.3333333432674408] [0.6666666865348816]
[1, 0] [1, 0] [0.3333333432674408] [0.3333333432674408]
[0, 1] [0, 1] [0.3333333432674408] [0.0]
[1, 0] [1, 0] [1.0] [1.0]
[1, 0] [1, 0] [0.3333333432674408] [0.6666666865348816]
[0, 1] [0, 1] [0.6666666865348816] [1.0]
[0, 1] [0, 1] [0.6666666865348816] [0.6666666865348816]
[1, 0] [1, 0] [1.0] [1.0]
[1, 0] [1, 0] [0.3333333432674408] [0.3333333432674408]
[1, 0] [1, 0] [0.3333333432674408] [0.3333333432674408]
[0, 1] [0, 1] [0.6666666865348816] [0.6666666865348816]
[1, 0] [1, 0] [0.0] [0.0]
[0, 1] [0, 1] [0.3333333432674408] [0.0]
[0, 1] [0, 1] [0.3333333432674408] [0.0]
[1, 0] [1, 0] [0.0] [0.0]
[1, 0] [1, 0] [1.0] [1.0]
[1, 0] [1, 0] [0.0] [0.0]
[1, 0] [1, 0] [0.0] [0.0]
[1, 0] [1, 0] [0.3333333432674408] [0.3333333432674408]
[0, 1] [0, 1] [0.3333333432674408] [0.0]
[0, 1] [0, 1] [0.6666666865348816] [0.6666666865348816]
[1, 0] [1, 0] [0.0] [0.0]
[1, 0] [1, 0] [0.3333333432674408] [0.6666666865348816]
[0, 1] [0, 1] [0.3333333432674408] [0.3333333432674408]
[0, 1] [0, 1] [0.3333333432674408] [0.3333333432674408]
[1, 0] [1, 0] [0.3333333432674408] [0.3333333432674408]
[1, 0] [1, 0] [0.3333333432674408] [0.6666666865348816]
[0, 1] [0, 1] [0.6666666865348816] [1.0]
[1, 0] [1, 0] [0.0] [0.0]
[0, 1] [0, 1] [0.6666666865348816] [1.0]
[0, 1] [0, 1] [0.6666666865348816] [0.6666666865348816]
[0, 1] [0, 1] [0.6666666865348816] [0.6666666865348816]
[0, 1] [0, 1] [0.6666666865348816] [0.6666666865348816]
[0, 1] [0, 1] [0.6666666865348816] [1.0]
[0, 1] [0, 1] [0.6666666865348816] [0.6666666865348816]
[1, 0] [1, 0] [0.0] [0.0]
[1, 0] [1, 0] [0.3333333432674408] [0.3333333432674408]
[0, 1] [0, 1] [0.3333333432674408] [0.0]
[0, 1] [0, 1] [0.3333333432674408] [0.3333333432674408]
[1, 0] [1, 0] [0.3333333432674408] [0.6666666865348816]
[1, 0] [1, 0] [0.3333333432674408] [0.6666666865348816]
[1, 0] [1, 0] [0.3333333432674408] [0.3333333432674408]
[0, 1] [0, 1] [0.3333333432674408] [0.0]
[0, 1] [0, 1] [0.6666666865348816] [0.6666666865348816]
[1, 0] [1, 0] [0.3333333432674408] [0.6666666865348816]
[1, 0] [1, 0] [1.0] [1.0]
[0, 1] [0, 1] [0.3333333432674408] [0.0]
[0, 1] [0, 1] [0.6666666865348816] [0.6666666865348816]
[1, 0] [1, 0] [0.0] [0.0]
[0, 1] [0, 1] [0.3333333432674408] [0.3333333432674408]
[0, 1] [0, 1] [0.3333333432674408] [0.3333333432674408]
[0, 1] [0, 1] [0.3333333432674408] [0.0]
[0, 1] [0, 1] [0.6666666865348816] [1.0]
[0, 1] [0, 1] [0.3333333432674408] [0.3333333432674408]
[0, 1] [0, 1] [0.6666666865348816] [0.6666666865348816]
[1, 0] [1, 0] [1.0] [1.0]
[1, 0] [1, 0] [1.0] [1.0]
[1, 0] [1, 0] [0.3333333432674408] [0.6666666865348816]
[0, 1] [0, 1] [0.3333333432674408] [0.3333333432674408]
[1, 0] [1, 0] [1.0] [1.0]
[1, 0] [1, 0] [0.3333333432674408] [0.3333333432674408]
[1, 0] [1, 0] [0.0] [0.0]
[1, 0] [1, 0] [0.3333333432674408] [0.6666666865348816]
[0, 1] [0, 1] [0.6666666865348816] [0.6666666865348816]
[0, 1] [0, 1] [0.3333333432674408] [0.0]
[0, 1] [0, 1] [0.3333333432674408] [0.0]
[1, 0] [1, 0] [0.0] [0.0]
[1, 0] [1, 0] [0.0] [0.0]
[0, 1] [0, 1] [0.3333333432674408] [0.0]
[0, 1] [0, 1] [0.3333333432674408] [0.0]
[0, 1] [0, 1] [0.3333333432674408] [0.0]
[1, 0] [1, 0] [0.3333333432674408] [0.6666666865348816]
[0, 1] [0, 1] [0.6666666865348816] [0.6666666865348816]
[1, 0] [1, 0] [0.3333333432674408] [0.6666666865348816]
[1, 0] [1, 0] [1.0] [1.0]
[1, 0] [1, 0] [0.3333333432674408] [0.3333333432674408]
[1, 0] [1, 0] [0.3333333432674408] [0.6666666865348816]
[0, 1] [0, 1] [0.3333333432674408] [0.3333333432674408]
[1, 0] [1, 0] [0.3333333432674408] [0.3333333432674408]
[1, 0] [1, 0] [0.0] [0.0]
[1, 0] [1, 0] [1.0] [1.0]
[1, 0] [1, 0] [0.3333333432674408] [0.6666666865348816]
[1, 0] [1, 0] [1.0] [1.0]
[0, 1] [0, 1] [0.6666666865348816] [1.0]
[1, 0] [1, 0] [1.0] [1.0]
[1, 0] [1, 0] [0.0] [0.0]
[0, 1] [0, 1] [0.3333333432674408] [0.3333333432674408]
[1, 0] [1, 0] [1.0] [1.0]
[0, 1] [0, 1] [0.6666666865348816] [0.6666666865348816]
[0, 1] [0, 1] [0.3333333432674408] [0.0]
[1, 0] [1, 0] [1.0] [1.0]
[0, 1] [0, 1] [0.3333333432674408] [0.0]
[1, 0] [1, 0] [0.3333333432674408] [0.6666666865348816]
[0, 1] [0, 1] [0.6666666865348816] [1.0]
[1, 0] [1, 0] [0.3333333432674408] [0.6666666865348816]
[0, 1] [0, 1] [0.3333333432674408] [0.0]
[0, 1] [0, 1] [0.3333333432674408] [0.0]
[0, 1] [0, 1] [0.6666666865348816] [0.6666666865348816]
[0, 1] [0, 1] [0.3333333432674408] [0.0]
[0, 1] [0, 1] [0.6666666865348816] [1.0]
[1, 0] [1, 0] [0.3333333432674408] [0.6666666865348816]
[0, 1] [0, 1] [0.6666666865348816] [0.6666666865348816]
[1, 0] [1, 0] [0.0] [0.0]
[1, 0] [1, 0] [1.0] [1.0]
[1, 0] [1, 0] [0.0] [0.0]
[0, 1] [0, 1] [0.3333333432674408] [0.3333333432674408]
[1, 0] [1, 0] [1.0] [1.0]
[0, 1] [0, 1] [0.6666666865348816] [0.6666666865348816]
[1, 0] [1, 0] [0.3333333432674408] [0.6666666865348816]
[0, 1] [0, 1] [0.3333333432674408] [0.0]
[0, 1] [0, 1] [0.3333333432674408] [0.0]
[1, 0] [1, 0] [1.0] [1.0]
[1, 0] [1, 0] [0.0] [0.0]
[1, 0] [1, 0] [0.0] [0.0]
[1, 0] [1, 0] [0.3333333432674408] [0.3333333432674408]
[0, 1] [0, 1] [0.6666666865348816] [1.0]
[0, 1] [0, 1] [0.3333333432674408] [0.3333333432674408]
[1, 0] [1, 0] [1.0] [1.0]
[0, 1] [0, 1] [0.6666666865348816] [0.6666666865348816]
[0, 1] [0, 1] [0.6666666865348816] [0.6666666865348816]
[0, 1] [0, 1] [0.6666666865348816] [1.0]
[1, 0] [1, 0] [0.3333333432674408] [0.3333333432674408]
[0, 1] [0, 1] [0.3333333432674408] [0.0]
[1, 0] [1, 0] [0.3333333432674408] [0.6666666865348816]
[1, 0] [1, 0] [0.3333333432674408] [0.3333333432674408]
[0, 1] [0, 1] [0.6666666865348816] [1.0]
[1, 0] [1, 0] [0.0] [0.0]
[0, 1] [0, 1] [0.6666666865348816] [0.6666666865348816]
[1, 0] [1, 0] [0.3333333432674408] [0.3333333432674408]
[1, 0] [1, 0] [0.3333333432674408] [0.3333333432674408]
[1, 0] [1, 0] [0.3333333432674408] [0.6666666865348816]
[1, 0] [1, 0] [1.0] [1.0]
[1, 0] [1, 0] [0.3333333432674408] [0.6666666865348816]
[1, 0] [1, 0] [0.3333333432674408] [0.6666666865348816]
[0, 1] [0, 1] [0.3333333432674408] [0.0]
[1, 0] [1, 0] [0.3333333432674408] [0.3333333432674408]
[0, 1] [0, 1] [0.3333333432674408] [0.0]
[0, 1] [0, 1] [0.6666666865348816] [1.0]
[1, 0] [1, 0] [1.0] [1.0]
[1, 0] [1, 0] [0.0] [0.0]
[1, 0] [1, 0] [1.0] [1.0]
[0, 1] [0, 1] [0.6666666865348816] [1.0]
[0, 1] [0, 1] [0.6666666865348816] [1.0]
[0, 1] [0, 1] [0.3333333432674408] [0.0]
[0, 1] [0, 1] [0.3333333432674408] [0.0]
[1, 0] [1, 0] [1.0] [1.0]
[1, 0] [1, 0] [0.3333333432674408] [0.6666666865348816]
[0, 1] [0, 1] [0.6666666865348816] [0.6666666865348816]
[0, 1] [0, 1] [0.6666666865348816] [0.6666666865348816]
[1, 0] [1, 0] [0.0] [0.0]
[1, 0] [1, 0] [0.0] [0.0]
[1, 0] [1, 0] [1.0] [1.0]
[1, 0] [1, 0] [1.0] [1.0]
[1, 0] [1, 0] [1.0] [1.0]
[1, 0] [1, 0] [0.3333333432674408] [0.6666666865348816]
[1, 0] [1, 0] [0.3333333432674408] [0.3333333432674408]
[0, 1] [0, 1] [0.6666666865348816] [1.0]
[0, 1] [0, 1] [0.3333333432674408] [0.3333333432674408]
[0, 1] [0, 1] [0.6666666865348816] [0.6666666865348816]
[0, 1] [0, 1] [0.3333333432674408] [0.0]
[0, 1] [0, 1] [0.3333333432674408] [0.3333333432674408]
[0, 1] [0, 1] [0.3333333432674408] [0.3333333432674408]
[0, 1] [0, 1] [0.6666666865348816] [0.6666666865348816]
[1, 0] [1, 0] [0.0] [0.0]
[1, 0] [1, 0] [0.0] [0.0]
[1, 0] [1, 0] [0.3333333432674408] [0.6666666865348816]
[0, 1] [0, 1] [0.6666666865348816] [1.0]
[0, 1] [0, 1] [0.3333333432674408] [0.0]
[1, 0] [1, 0] [0.0] [0.0]
[1, 0] [1, 0] [0.3333333432674408] [0.6666666865348816]
[1, 0] [1, 0] [0.0] [0.0]
[0, 1] [0, 1] [0.3333333432674408] [0.3333333432674408]
[0, 1] [0, 1] [0.3333333432674408] [0.0]
[1, 0] [1, 0] [0.0] [0.0]
[0, 1] [0, 1] [0.3333333432674408] [0.0]
[0, 1] [0, 1] [0.3333333432674408] [0.3333333432674408]
[1, 0] [1, 0] [0.3333333432674408] [0.6666666865348816]
[0, 1] [0, 1] [0.3333333432674408] [0.3333333432674408]
[0, 1] [0, 1] [0.3333333432674408] [0.0]
[0, 1] [0, 1] [0.3333333432674408] [0.0]
[1, 0] [1, 0] [0.0] [0.0]
[0, 1] [0, 1] [0.6666666865348816] [1.0]
[1, 0] [1, 0] [1.0] [1.0]
[0, 1] [0, 1] [0.3333333432674408] [0.3333333432674408]
[0, 1] [0, 1] [0.6666666865348816] [1.0]
[0, 1] [0, 1] [0.3333333432674408] [0.0]
[0, 1] [0, 1] [0.6666666865348816] [1.0]
[0, 1] [0, 1] [0.6666666865348816] [0.6666666865348816]
[0, 1] [0, 1] [0.6666666865348816] [0.6666666865348816]
[1, 0] [1, 0] [1.0] [1.0]
[0, 1] [0, 1] [0.6666666865348816] [0.6666666865348816]
[1, 0] [1, 0] [0.0] [0.0]
[0, 1] [0, 1] [0.6666666865348816] [1.0]
[1, 0] [1, 0] [1.0] [1.0]
[1, 0] [1, 0] [0.0] [0.0]
[0, 1] [0, 1] [0.6666666865348816] [1.0]
[1, 0] [1, 0] [0.0] [0.0]
[1, 0] [1, 0] [0.3333333432674408] [0.3333333432674408]
[1, 0] [1, 0] [0.3333333432674408] [0.3333333432674408]
[0, 1] [0, 1] [0.3333333432674408] [0.3333333432674408]
[0, 1] [0, 1] [0.6666666865348816] [1.0]
[0, 1] [0, 1] [0.6666666865348816] [1.0]
[0, 1] [0, 1] [0.3333333432674408] [0.0]
[0, 1] [0, 1] [0.3333333432674408] [0.3333333432674408]
[1, 0] [1, 0] [0.3333333432674408] [0.3333333432674408]
[1, 0] [1, 0] [0.0] [0.0]
[0, 1] [0, 1] [0.3333333432674408] [0.3333333432674408]
[0, 1] [0, 1] [0.3333333432674408] [0.0]
[0, 1] [0, 1] [0.3333333432674408] [0.0]
[0, 1] [0, 1] [0.3333333432674408] [0.0]
[0, 1] [0, 1] [0.6666666865348816] [1.0]
[0, 1] [0, 1] [0.3333333432674408] [0.0]
[1, 0] [1, 0] [0.3333333432674408] [0.6666666865348816]
[0, 1] [0, 1] [0.6666666865348816] [0.6666666865348816]
[0, 1] [0, 1] [0.3333333432674408] [0.0]
[1, 0] [1, 0] [0.3333333432674408] [0.3333333432674408]
[0, 1] [0, 1] [0.6666666865348816] [1.0]
[1, 0] [1, 0] [1.0] [1.0]
[1, 0] [1, 0] [0.3333333432674408] [0.3333333432674408]
[0, 1] [0, 1] [0.6666666865348816] [0.6666666865348816]
[0, 1] [0, 1] [0.6666666865348816] [0.6666666865348816]
[1, 0] [1, 0] [0.3333333432674408] [0.6666666865348816]
[0, 1] [0, 1] [0.6666666865348816] [1.0]
[0, 1] [0, 1] [0.3333333432674408] [0.0]
[0, 1] [0, 1] [0.3333333432674408] [0.0]
[0, 1] [0, 1] [0.6666666865348816] [0.6666666865348816]
[0, 1] [0, 1] [0.6666666865348816] [0.6666666865348816]
[1, 0] [1, 0] [0.3333333432674408] [0.3333333432674408]
[1, 0] [1, 0] [1.0] [1.0]
[1, 0] [1, 0] [0.3333333432674408] [0.6666666865348816]
[0, 1] [0, 1] [0.3333333432674408] [0.3333333432674408]
[1, 0] [1, 0] [0.3333333432674408] [0.3333333432674408]
[0, 1] [0, 1] [0.6666666865348816] [1.0]
[0, 1] [0, 1] [0.3333333432674408] [0.3333333432674408]
[1, 0] [1, 0] [1.0] [1.0]
[0, 1] [0, 1] [0.3333333432674408] [0.0]
[1, 0] [1, 0] [0.3333333432674408] [0.3333333432674408]
[0, 1] [0, 1] [0.3333333432674408] [0.0]
[1, 0] [1, 0] [0.0] [0.0]
[0, 1] [0, 1] [0.3333333432674408] [0.3333333432674408]
[1, 0] [1, 0] [0.3333333432674408] [0.3333333432674408]
[1, 0] [1, 0] [0.3333333432674408] [0.6666666865348816]
[1, 0] [1, 0] [0.3333333432674408] [0.3333333432674408]
[1, 0] [1, 0] [1.0] [1.0]
[0, 1] [0, 1] [0.3333333432674408] [0.0]
[1, 0] [1, 0] [0.3333333432674408] [0.3333333432674408]
[0, 1] [0, 1] [0.6666666865348816] [1.0]
[1, 0] [1, 0] [0.0] [0.0]
[1, 0] [1, 0] [0.3333333432674408] [0.6666666865348816]
[0, 1] [0, 1] [0.6666666865348816] [1.0]
[1, 0] [1, 0] [0.3333333432674408] [0.3333333432674408]
[0, 1] [0, 1] [0.3333333432674408] [0.0]
[1, 0] [1, 0] [0.3333333432674408] [0.3333333432674408]
[0, 1] [0, 1] [0.6666666865348816] [0.6666666865348816]
[0, 1] [0, 1] [0.3333333432674408] [0.3333333432674408]
[1, 0] [1, 0] [0.3333333432674408] [0.6666666865348816]
[0, 1] [0, 1] [0.6666666865348816] [1.0]
[1, 0] [1, 0] [0.3333333432674408] [0.3333333432674408]
[0, 1] [0, 1] [0.6666666865348816] [0.6666666865348816]
[0, 1] [0, 1] [0.3333333432674408] [0.3333333432674408]
[1, 0] [1, 0] [0.0] [0.0]
[0, 1] [0, 1] [0.6666666865348816] [0.6666666865348816]
[0, 1] [0, 1] [0.6666666865348816] [0.6666666865348816]
[1, 0] [1, 0] [0.3333333432674408] [0.6666666865348816]
[1, 0] [1, 0] [0.3333333432674408] [0.3333333432674408]
[1, 0] [1, 0] [1.0] [1.0]
[0, 1] [0, 1] [0.3333333432674408] [0.0]
[1, 0] [1, 0] [0.3333333432674408] [0.6666666865348816]
[1, 0] [1, 0] [1.0] [1.0]
[0, 1] [0, 1] [0.3333333432674408] [0.0]
[0, 1] [0, 1] [0.6666666865348816] [1.0]
[1, 0] [1, 0] [0.3333333432674408] [0.3333333432674408]
[1, 0] [1, 0] [0.3333333432674408] [0.3333333432674408]
[1, 0] [1, 0] [0.3333333432674408] [0.6666666865348816]
[1, 0] [1, 0] [0.3333333432674408] [0.3333333432674408]
[1, 0] [1, 0] [1.0] [1.0]
[0, 1] [0, 1] [0.3333333432674408] [0.0]
[1, 0] [1, 0] [0.3333333432674408] [0.6666666865348816]
[0, 1] [0, 1] [0.3333333432674408] [0.3333333432674408]
[0, 1] [0, 1] [0.3333333432674408] [0.3333333432674408]
[1, 0] [1, 0] [0.3333333432674408] [0.3333333432674408]
62.2
